a = 1;
b = 3;
eps = 0.001;