x0 = 0.25;
a = 1;
b = 5;
eps = 0.001;