A = [ 0.4 0.5  1  0.3;
      0.2 0.3 0.4 0.4;
      0.1 0.3 0.2 0.6;
      0.1 0.1 0.6  1 ];
B = [ 6 7;
      6 3;
      8 7;
      2 8 ];
C = [ 0.9;
      0.1;
      0.3;
      0.3 ];
D = [ -0.8  0.5  0.1  0.2;
       0.2  0.9 -0.1  0.4;
      -0.1  0.3  0.6  0.1;
       0.1 -0.1  0.6 -1.1 ];